244794669
329529584
215856431
97157813
306556585
227845221
145507537
118805822
326500561
293736294
88629170
96785342
292870620
6731442
324851912
90723985
70871157
323872016
69340470
112328242
135080774
136461307
133587715
39753610
107064633
155360226
176687793
16505864
283528235
184321570
122577183
181099378
105701320
162965189
162666582
171529636
122940351
51652720
109504968
185172081
11090852
123791433
72178376
136444107
126595195
219302337
157762710
150588792
182284428
278992391
203190474
177884232
108928809
115690739
124199580
127107823
100660693
145266100
123165539
274371824
138356043
73176299
321424636
18389200
134078093
288654329
9171362
231110969
181120728
60001417
203508999
122591233
14110556
16719340
6053442
4194021
238018718
59788225
118594229
189087828
315303285
216255845
110152796
112525104
181951003
206033953
173757765
6162692
119735225
170176826
290581174
14047501
58178830
96036624
142670312
233056847
231717686
94009209
264871525
96988867
20059125
59765905
189024619
235881011
212453474
256995231
74958792
210767802
63261630
77898979
252328002
47007490
67477417
221166446
135875026
230145025
198808738
227687955
106364688
49589391
58502007
99036860
236370060
246175620
99924032
204522558
94819129
222979686
14224402
61997411
165827936
102806852
108503492
116451291
224213555
232536484
232544215
108791573
222082194
123355584
8284842
68032975
106590023
99377525
184361154
197735226
71299359
132009560
86533378
155555110
124052235
14979863
30454382
165279159
199176607
70121274
14527783
91068791
174634090
96240087
94284107
20835249
107776433
112192568
65223577
125447858
103774695
97738109
194484114
186716566
193187053
85547347
176405413
108215815
99299685
14453520
59414127
137238721
147341805
151075038
155911959
12454552
60083915
148254193
58110328
160229145
118455965
105127389
138793229
174974205
51813267
6641182
60023103
45304127
15676452
165397041
17440979
15497117
169351857
93855460
20585568
6023392
4868291
145593418
112365506
128053403
20234684
129088470
166759951
125009543
167443002
96307859
70255381
20902808
166188263
18560429
163520073
136137331
9382762
3751211
5760232
10504702
16167389
124653670
51000475
5217451
15312900
15363944
53416637
133059383
142310397
86938704
101921872
114051701
32360007
125982490
154147453
110422475
148271241
155525207
128471475
154008650
140275023
117531448
107409536
63642271
72870326
59282104
106107391
15262750
14488515
99327797
4365941
145980211
57378014
77178114
73648960
71942712
117034924
65833261
56386283
57813929
102989708
65019138
39203693
112345783
81481293
124586889
99220697
97358970
68637068
38403685
116699616
121291466
73262079
142728007
135769940
86428585
123402697
113642189
122781512
4776341
87684803
139604058
141237161
64240449
30930770
107031019
14742523
53914379
104714872
14493295
46866324
74887065
73513123
130575861
131729968
114236130
128830993
135743309
135439676
113671447
100225563
92868756
127717831
16694835
80452192
5921682
58166148
132032185
72243941
76694633
100366250
95394642
88669061
125477394
106669656
23597225
131748195
115322448
126032940
123233418
122520475
129985659
88882274
42410687
95921204
69716674
122038737
105783970
125669467
11049362
10151522
19521695
53597678
42625451
17709592
38478856
57651330
35463071
76533137
92899547
5948782
112530670
6062002
85238731
95931735
101793959
106665419
124060588
96781061
92028268
84252383
8175762
69241126
6828542
14195433
3411731
5514432
122892475
103901097
18300772
101504210
114998958
116085699
74405577
57911754
15803171
64281980
112335622
102194292
67254353
73691009
75085948
107954355
106024619
77436877
81395638
14488160
94246347
70671205
72850251
75173968
110089456
79738886
84720993
108658325
120414216
117849643
5432442
45350957
117209642
97559959
59226774
73866681
112798614
68117492
103311585
87215454
99257069
23428993
75192915
48841822
103536926
110573679
61145884
112464654
6198472
18424605
88377638
53577299
108543835
23452489
80285909
80846416
88812013
111916735
97629827
93311525
95427610
10600332
87167084
59988215
45071391
101523157
73024585
102015577
99688788
99727308
69167122
99667303
45598960
12973482
3837281
82774135
38436128
57149576
86565202
98301660
98235948
97377592
71110966
54882396
94894292
5989522
97916778
98145559
22100528
6557772
74436576
88631330
22609207
4443981
56034230
96924462
83281703
65835184
48877815
90348296
3619961
66671270
5796232
41055624
58283683
81039775
40682344
80845163
89183947
58963926
95429219
14448214
41124394
13002072
6821832
38883871
94202096
35476773
84098106
24900206
28262398
5426792
15149417
64260849
94702362
14976035
4857311
5518442
13148812
22907005
15308357
15072260
70317060
75435428
5923242
82772605
18347418
6041432
89129503
17752874
88181538
93622192
92183753
11932372
93339060
80720992
48832733
89145227
53554194
74160823
56669305
14191751
58728677
34615250
59740998
68088807
84995026
90164200
4143991
18074077
61696016
3246031
86786362
65352882
14503317
71261983
70377810
65854457
74977603
57666754
76076698
22829796
15214468
4318231
65557491
14360569
70556312
70950641
70238091
4664901
14100301
65310190
